2 0.28759765625 0.5807291666666666 0.1083984375 0.3333333333333333
0 0.2900390625 0.8151041666666666 0.099609375 0.21875
0 0.37841796875 0.7252604166666666 0.1083984375 0.3932291666666667
0 0.18310546875 0.7180989583333334 0.1142578125 0.2799479166666667
0 0.47119140625 0.775390625 0.0986328125 0.26171875
0 0.57080078125 0.7747395833333334 0.1142578125 0.2916666666666667
1 0.72216796875 0.6803385416666666 0.1240234375 0.16015625
0 0.85107421875 0.7662760416666666 0.1201171875 0.43359375
5 0.1787109375 0.482421875 0.13671875 0.23828125
6 0.38134765625 0.4459635416666667 0.1279296875 0.20703125
6 0.5673828125 0.5091145833333334 0.125 0.2994791666666667
5 0.7255859375 0.5462239583333334 0.1484375 0.2591145833333333
3 0.1875 0.9186197916666666 0.08984375 0.09765625
3 0.291015625 0.9342447916666666 0.080078125 0.037760416666666664
3 0.3818359375 0.9407552083333334 0.08203125 0.05078125
3 0.4794921875 0.9251302083333334 0.068359375 0.048177083333333336
3 0.57568359375 0.9303385416666666 0.1044921875 0.05078125
3 0.67333984375 0.9368489583333334 0.0869140625 0.061197916666666664
4 0.73486328125 0.2669270833333333 0.0673828125 0.0625
